id	type	goal_min	goal_max	times	award	desText
1	1	1	-1	1	10	1039
2	2	1	-1	1	10	1040
3	3	1	5	1	10	1041
4	4	1	-1	1	10	1042
5	5	3	-1	1	10	1043
6	6	3	-1	1	10	1044
7	7	3	-1	1	10	1045
8	3	3	6	1	10	1041
9	8	1	-1	2	10	1047
10	9	2	2	1	10	1048
11	10	2	-1	1	10	1049
12	11	3	-1	1	10	1050
13	12	2	-1	1	10	1051
14	13	4	6	2	10	1052
15	5	5	-1	1	10	1043
16	2	3	-1	1	10	1040
17	11	5	-1	1	10	1050
18	8	2	-1	2	10	1047
19	7	5	-1	1	10	1045
20	1	10	-1	1	10	1039
21	6	5	-1	1	10	1044
22	12	3	-1	1	10	1051
23	13	6	8	2	10	1052
24	8	3	-1	2	10	1047
25	11	7	-1	1	10	1050
26	5	10	-1	1	10	1043
27	3	10	14	1	10	1041
28	10	5	-1	1	10	1049
29	1	12	-1	1	10	1039
30	8	3	-1	4	10	1047
31	7	7	-1	1	10	1045
32	6	8	-1	1	10	1044
33	2	5	-1	1	10	1040
34	5	20	-1	1	10	1043
35	12	4	-1	1	10	1051
36	13	10	14	3	10	1052
37	1	16	-1	1	10	1039
38	7	10	-1	1	10	1045
39	10	6	-1	1	10	1049
40	3	16	20	1	10	1041
41	8	5	-1	3	10	1047
42	11	10	-1	1	10	1050
43	2	8	-1	1	10	1040
44	13	12	16	3	10	1052
45	10	8	-1	1	10	1049
46	6	12	-1	1	10	1044
47	5	30	-1	1	10	1043
48	11	15	-1	1	10	1050
49	1	25	-1	1	10	1039
50	9	3	-1	1	10	1048
